7;0;0;
1;0;2253.74;584.391;103.598;0;50;
4;1191;5368.57;270.391;100;100;50;
4;1192;8787.29;470.391;100;100;50;
4;1193;8860.36;470.391;100;100;50;
4;1194;7403.8;370.391;100;100;50;
4;1195;1377.52;420.391;100;100;50;
6;1196;5328.84;209.431;150;-1;33.816;177;
6;1197;5639.84;139.697;150;-1;-51.9873;156;
6;1198;2633.69;166.701;150;-1;-69.7808;161;
6;1199;6184.84;165.893;150;-1;-70.4918;160;
6;1200;9911.86;179.2;150;-1;85.289;187;
6;1201;4675.84;149.538;150;-1;-64.6048;158;
2;1207;2314.33;600.875;-743.874;941.622;15;6;PrincipalJogo/assets/Texturas/Entidades/Projetil/Projetil_2.png;
